atom_index,atom_label,symbol,atomic_number,frac_x,frac_y,frac_z,x,y,z,structure_id,relative_cif_path,z_rank,layer_label,layer_name
121,O122,O,8,0.1314093136717747,0.206717243116397,0.1106831382262838,2.8021380969272967,3.904131415419972,3.008278370142069,L240_D0_U320,r240/t0/t0_320.cif,0,0,lower
139,O140,O,8,0.6315073661846435,0.2063426121241685,0.1110570713822764,12.187347638290928,3.897582733600187,3.018441571539121,L240_D0_U320,r240/t0/t0_320.cif,1,0,lower
51,H52,H,1,0.0439187836341472,0.3296236936506915,0.1123194809789633,1.388604418500926,6.166551020849043,3.0527528455491595,L240_D0_U320,r240/t0/t0_320.cif,2,0,lower
87,H88,H,1,0.543953512677944,0.329498632478807,0.112319743399528,10.773259206900091,6.164250704970993,3.052759977928323,L240_D0_U320,r240/t0/t0_320.cif,3,0,lower
64,H65,H,1,0.3619942543351519,0.351057918992983,0.1134182611485476,7.397883504074588,6.56185059657355,3.082616803787712,L240_D0_U320,r240/t0/t0_320.cif,4,0,lower
100,H101,H,1,0.8620678455006098,0.350989512816505,0.1135161385071196,16.783329420982106,6.560681968630796,3.085277031401758,L240_D0_U320,r240/t0/t0_320.cif,5,0,lower
48,H49,H,1,0.1797931772909406,0.3024865767619401,0.1152301798332896,3.886828289004733,5.670020101006431,3.131863291329671,L240_D0_U320,r240/t0/t0_320.cif,6,0,lower
84,H85,H,1,0.6798062518632094,0.3022319689101079,0.1152785873746196,13.270813332729215,5.665380855396513,3.133178969235705,L240_D0_U320,r240/t0/t0_320.cif,7,0,lower
61,H62,H,1,0.2633707867099815,0.4566057190770247,0.1157643955522642,5.7427017371486295,8.505600765300247,3.1463828434324985,L240_D0_U320,r240/t0/t0_320.cif,8,0,lower
97,H98,H,1,0.763638963541775,0.4564420860054772,0.1157759893231986,15.131660932695771,8.502601290626394,3.1466979527697427,L240_D0_U320,r240/t0/t0_320.cif,9,0,lower
127,O128,O,8,0.3991784043210386,0.3788884320996002,0.1265323746337223,8.141784801467551,7.085828474247416,3.439047824566911,L240_D0_U320,r240/t0/t0_320.cif,10,0,lower
145,O146,O,8,0.8992637809219675,0.3788173755831011,0.1266169872800684,17.527452939629615,7.0845989309586725,3.441347528007943,L240_D0_U320,r240/t0/t0_320.cif,11,0,lower
0,C1,C,6,0.1447841213587939,0.2708235958489914,0.1371389428985876,3.160837250451009,5.107651392202728,3.7273257899729577,L240_D0_U320,r240/t0/t0_320.cif,12,0,lower
24,C25,C,6,0.6448040861614893,0.270707281171969,0.1372951635235458,12.545161054607744,5.1056549552385935,3.731571740481436,L240_D0_U320,r240/t0/t0_320.cif,13,0,lower
53,H54,H,1,0.0869112401686149,0.1156571662705792,0.1391157861543244,1.7843184730843034,2.2551075585781684,3.781054794252148,L240_D0_U320,r240/t0/t0_320.cif,14,0,lower
89,H90,H,1,0.587234748961725,0.115339853716415,0.1397952959324977,11.17372886344662,2.249893429262308,3.7995233216243993,L240_D0_U320,r240/t0/t0_320.cif,15,0,lower
54,H55,H,1,0.1832096128353357,0.1097269916990067,0.1414630369579051,3.579573357262288,2.1481713024679814,3.844851176744255,L240_D0_U320,r240/t0/t0_320.cif,16,0,lower
90,H91,H,1,0.6835322740239268,0.1096969547307983,0.1422128701574481,12.969472062864083,2.148306209514791,3.865231037954803,L240_D0_U320,r240/t0/t0_320.cif,17,0,lower
5,C6,C,6,0.133422610399486,0.145968296884342,0.1457160355394932,2.7108366472244776,2.8187455692155283,3.960444245808481,L240_D0_U320,r240/t0/t0_320.cif,18,0,lower
29,C30,C,6,0.633639099756201,0.1458390546732121,0.1462973061029476,12.09863348560524,2.8169010122187315,3.976242710608652,L240_D0_U320,r240/t0/t0_320.cif,19,0,lower
3,C4,C,6,0.0733136397317783,0.3147075430313183,0.1471854473667305,1.896783453932813,5.924127006763762,4.00038167338369,L240_D0_U320,r240/t0/t0_320.cif,20,0,lower
27,C28,C,6,0.5733111036387951,0.3146949431053902,0.1472148804154204,11.280935485065656,5.923922209819612,4.001181639893134,L240_D0_U320,r240/t0/t0_320.cif,21,0,lower
88,H89,H,1,0.9882676995637903,0.2436353301270892,0.1531070976575177,18.93383219807429,4.622150703106635,4.1613273492182605,L240_D0_U320,r240/t0/t0_320.cif,22,0,lower
52,H53,H,1,0.4882388964526336,0.243673267538168,0.1532622034215302,9.549056180099338,4.622990780523101,4.165542998705984,L240_D0_U320,r240/t0/t0_320.cif,23,0,lower
35,C36,C,6,0.7626722814761697,0.4684665332408052,0.1553154421426044,15.11815099570281,8.760046356896318,4.221348370078071,L240_D0_U320,r240/t0/t0_320.cif,24,0,lower
11,C12,C,6,0.2623723224924132,0.4685188624437751,0.1553236734076403,5.72837875104324,8.761016522566885,4.221572089218703,L240_D0_U320,r240/t0/t0_320.cif,25,0,lower
98,H99,H,1,0.7912002032645991,0.5169492083809789,0.1602545813532509,15.74179170415164,9.6564351828652,4.355590187690178,L240_D0_U320,r240/t0/t0_320.cif,26,0,lower
62,H63,H,1,0.2907191743582232,0.5171080237723398,0.1603196147814117,6.348794123229145,9.659416286320482,4.357357743782348,L240_D0_U320,r240/t0/t0_320.cif,27,0,lower
56,H57,H,1,0.3823410827252542,0.23973491468456,0.1612244464484276,7.550585606879428,4.557842831232684,4.381950338247265,L240_D0_U320,r240/t0/t0_320.cif,28,0,lower
92,H93,H,1,0.8822508627739309,0.2395761142549881,0.16129228432685,16.932801941130244,4.554983820040313,4.3837941170342125,L240_D0_U320,r240/t0/t0_320.cif,29,0,lower
101,H102,H,1,0.6633049698741917,0.445133710845468,0.1667830680620784,13.204492249655798,8.341342174801675,4.533029187619635,L240_D0_U320,r240/t0/t0_320.cif,30,0,lower
65,H66,H,1,0.163129777459308,0.4447143368962888,0.1667916193594252,3.816181636181507,8.333635442385246,4.533261604980196,L240_D0_U320,r240/t0/t0_320.cif,31,0,lower
124,O125,O,8,0.2716283573748585,0.3402363096962105,0.1698202625876587,5.656280494642201,6.414491847896858,4.615577683656474,L240_D0_U320,r240/t0/t0_320.cif,32,0,lower
142,O143,O,8,0.7718045745418146,0.3401181974622605,0.1699086833510192,15.043564080939433,6.412400184835535,4.617980888644618,L240_D0_U320,r240/t0/t0_320.cif,33,0,lower
141,O142,O,8,0.5877428786674636,0.3791488786841416,0.1716659626358815,11.661023007617814,7.131998190379725,4.665742321394585,L240_D0_U320,r240/t0/t0_320.cif,34,0,lower
123,O124,O,8,0.0877600418245972,0.3790799660875952,0.1717142835153709,2.276958455431457,7.130774813000862,4.66705564390173,L240_D0_U320,r240/t0/t0_320.cif,35,0,lower
146,O147,O,8,0.6918329932026185,0.4861203657867351,0.1718591786745322,13.814090332509124,9.09996391609267,4.670993777390067,L240_D0_U320,r240/t0/t0_320.cif,36,0,lower
128,O129,O,8,0.1915012552028725,0.485806618495618,0.1719176831592759,4.4230161465455895,9.094246030841315,4.672583882069347,L240_D0_U320,r240/t0/t0_320.cif,37,0,lower
9,C10,C,6,0.3826954102959924,0.3906192156486191,0.1770368259207986,7.831574199893537,7.347924226794856,4.811718050922367,L240_D0_U320,r240/t0/t0_320.cif,38,0,lower
33,C34,C,6,0.8828432353454728,0.3904782348005463,0.1771471277995702,17.218272402207408,7.345431946007027,4.814715966968227,L240_D0_U320,r240/t0/t0_320.cif,39,0,lower
4,C5,C,6,0.0250609736560322,0.2676056226076438,0.1782965694315163,0.8892886634429185,5.086188832203757,4.845956862867427,L240_D0_U320,r240/t0/t0_320.cif,40,0,lower
28,C29,C,6,0.5249941422789186,0.2677662121159614,0.1784126952079158,10.272518012550467,5.089249413041196,4.849113067750637,L240_D0_U320,r240/t0/t0_320.cif,41,0,lower
10,C11,C,6,0.3019512262013824,0.4048214793135439,0.184744471915158,6.339152465892833,7.616247656043973,5.02120564859185,L240_D0_U320,r240/t0/t0_320.cif,42,0,lower
34,C35,C,6,0.802086015325765,0.4047319579248946,0.1848205049113355,15.725717419504116,7.614670577269541,5.02327216406551,L240_D0_U320,r240/t0/t0_320.cif,43,0,lower
122,O123,O,8,0.2528488280057627,0.2219486884283514,0.1861954644036493,5.075796226094855,4.2535507509224,5.060642453405274,L240_D0_U320,r240/t0/t0_320.cif,44,0,lower
140,O141,O,8,0.7527675307076611,0.2220115349967886,0.1865498515484778,14.458464502354827,4.255031745584189,5.070274409993496,L240_D0_U320,r240/t0/t0_320.cif,45,0,lower
1,C2,C,6,0.1772875076203593,0.2440379368952069,0.1871306124025067,3.6984094344022624,4.660749752690153,5.086059021302843,L240_D0_U320,r240/t0/t0_320.cif,46,0,lower
25,C26,C,6,0.6772467107874142,0.2443155890287498,0.1873801837989365,13.082285713245009,4.666086096700568,5.092842170441159,L240_D0_U320,r240/t0/t0_320.cif,47,0,lower
59,H60,H,1,0.4101828908056301,0.4377978592133053,0.187703460194412,8.430676937652246,8.225575800034312,5.101628561969905,L240_D0_U320,r240/t0/t0_320.cif,48,0,lower
95,H96,H,1,0.9103781713747414,0.437614695273224,0.1878329302801099,17.81817849266422,8.222325115811076,5.105147454410318,L240_D0_U320,r240/t0/t0_320.cif,49,0,lower
94,H95,H,1,0.5485370240576224,0.3884826188067558,0.1947639173447071,10.93220341765029,7.324872847742212,5.293526089171605,L240_D0_U320,r240/t0/t0_320.cif,50,0,lower
58,H59,H,1,0.0486365437556385,0.3883044331090424,0.1948869340858342,1.549447115841723,7.321707824068415,5.296869584914755,L240_D0_U320,r240/t0/t0_320.cif,51,0,lower
2,C3,C,6,0.1325380223823203,0.1801165883036193,0.1958081969062536,2.7353869099916057,3.4928434654211147,5.321908764868415,L240_D0_U320,r240/t0/t0_320.cif,52,0,lower
26,C27,C,6,0.6325434768805263,0.1804389091349704,0.1962399771451449,12.120132566508476,3.499168560121638,5.333644203293154,L240_D0_U320,r240/t0/t0_320.cif,53,0,lower
7,C8,C,6,0.3723266944001044,0.2566950077639814,0.1993630139977461,7.377101410562084,4.904796983011265,5.418525824499351,L240_D0_U320,r240/t0/t0_320.cif,54,0,lower
31,C32,C,6,0.872370944279598,0.2565044085814784,0.1994543189999942,16.76177165895356,4.901374534235211,5.421007420772736,L240_D0_U320,r240/t0/t0_320.cif,55,0,lower
6,C7,C,6,0.2913885187568786,0.2781886386369275,0.2020022764663471,5.896921178585586,5.30260167153464,5.490258848378636,L240_D0_U320,r240/t0/t0_320.cif,56,0,lower
30,C31,C,6,0.7914814541991149,0.2781819897301984,0.2021920741075117,15.282803984699678,5.302653369270297,5.495417395089266,L240_D0_U320,r240/t0/t0_320.cif,57,0,lower
120,O121,O,8,0.0616888460317185,0.2102755463818966,0.2092292312994656,1.4558729384770486,4.059935521405897,5.686681648227489,L240_D0_U320,r240/t0/t0_320.cif,58,0,lower
138,O139,O,8,0.5615721415848561,0.2105642429995915,0.209464298395711,10.838351677876023,4.065461736056199,5.693070582192492,L240_D0_U320,r240/t0/t0_320.cif,59,0,lower
8,C9,C,6,0.4096482650053553,0.3249593858121952,0.210722821433111,8.199795777487537,6.170965623598544,5.72727622265776,L240_D0_U320,r240/t0/t0_320.cif,60,0,lower
32,C33,C,6,0.9097942348006736,0.3247245234454533,0.2107882929633015,17.58630421372145,6.166705249406248,5.729055686009528,L240_D0_U320,r240/t0/t0_320.cif,61,0,lower
126,O127,O,8,0.4869325529001074,0.3130691874568139,0.2121267366449255,9.627492256581588,5.953527196736444,5.765433505084832,L240_D0_U320,r240/t0/t0_320.cif,62,0,lower
144,O145,O,8,0.9870680906776652,0.3127115528595984,0.2121528339078366,19.013593606197777,5.9469722736717054,5.766142807628956,L240_D0_U320,r240/t0/t0_320.cif,63,0,lower
49,H50,H,1,0.1660676431164438,0.2848099319701707,0.2152511780242369,3.55122753648964,5.4365499931770405,5.850353300193492,L240_D0_U320,r240/t0/t0_320.cif,64,0,lower
85,H86,H,1,0.6660417405247996,0.2853253481060876,0.2153452256929636,12.935896878150944,5.446117527996349,5.852909439928294,L240_D0_U320,r240/t0/t0_320.cif,65,0,lower
60,H61,H,1,0.2918654423706089,0.4132604177985378,0.224260086131853,6.1478133314649686,7.807713821976891,6.095208151917448,L240_D0_U320,r240/t0/t0_320.cif,66,0,lower
96,H97,H,1,0.7919367462230451,0.4132200589204698,0.2243217549615143,15.533284935313649,7.80702794054613,6.096884260937803,L240_D0_U320,r240/t0/t0_320.cif,67,0,lower
50,H51,H,1,0.1520641096737409,0.1426509597035297,0.2262382864572224,3.0182776282555914,2.831544836268238,6.148974040254031,L240_D0_U320,r240/t0/t0_320.cif,68,0,lower
86,H87,H,1,0.6520261806816126,0.1432646116478238,0.2268364259769302,12.40267760531225,2.8433816166973505,6.165230989671072,L240_D0_U320,r240/t0/t0_320.cif,69,0,lower
125,O126,O,8,0.3925631966035547,0.198239897352594,0.2335511332592623,7.632480796075848,3.860832781247848,6.347731314499036,L240_D0_U320,r240/t0/t0_320.cif,70,0,lower
143,O144,O,8,0.8925929130931063,0.1979957065143337,0.2335834049456867,17.016804877614767,3.856370367857491,6.34860843289118,L240_D0_U320,r240/t0/t0_320.cif,71,0,lower
99,H100,H,1,0.944567957045075,0.1945784215225795,0.2384311107233779,17.983740586840504,3.79795227379575,6.48036516358693,L240_D0_U320,r240/t0/t0_320.cif,72,0,lower
63,H64,H,1,0.4445111056991033,0.1949867944149819,0.2385176011601743,8.599160031045667,3.8055437715337552,6.482715903856934,L240_D0_U320,r240/t0/t0_320.cif,73,0,lower
55,H56,H,1,0.2769405864072156,0.2926371256286404,0.2402482569174855,5.635492700715765,5.603452177120389,6.529753730614586,L240_D0_U320,r240/t0/t0_320.cif,74,0,lower
91,H92,H,1,0.7771690439347758,0.2928358205172445,0.2404257641144669,15.024307624321825,5.607269998327832,6.534578232971322,L240_D0_U320,r240/t0/t0_320.cif,75,0,lower
57,H58,H,1,0.3969624593955652,0.3385994936008913,0.2489814293786144,7.969926114237388,6.4569572073588,6.767114309999527,L240_D0_U320,r240/t0/t0_320.cif,76,0,lower
93,H94,H,1,0.8971829545441021,0.3383496035560521,0.2490599298975182,17.35779938089117,6.452432337311275,6.769247890749474,L240_D0_U320,r240/t0/t0_320.cif,77,0,lower
104,H105,H,1,0.1653622141762521,0.3596873937740366,0.3248972705671923,3.6283099859336247,6.914478606703831,8.830445605610615,L240_D0_U320,r240/t0/t0_320.cif,78,1,upper
68,H69,H,1,0.665301718501453,0.3600470305241386,0.3252425312991531,13.011926409370584,6.921410823013883,8.839829513662568,L240_D0_U320,r240/t0/t0_320.cif,79,1,upper
81,H82,H,1,0.9716610392020514,0.3032546113209379,0.33187387202152,18.652899087467368,5.88276839014216,9.020064002671676,L240_D0_U320,r240/t0/t0_320.cif,80,1,upper
116,H117,H,1,0.4716377470568997,0.30316176924995,0.3319988142303905,9.267996126031962,5.881175066118094,9.023459831074142,L240_D0_U320,r240/t0/t0_320.cif,81,1,upper
134,O135,O,8,0.9200935888171028,0.302017474784148,0.3361117926627207,17.680841570798222,5.863896052933272,9.135247265484828,L240_D0_U320,r240/t0/t0_320.cif,82,1,upper
152,O153,O,8,0.4200820321073157,0.3017663709742961,0.336194326253398,8.295882736559614,5.859352552671829,9.137490461870687,L240_D0_U320,r240/t0/t0_320.cif,83,1,upper
73,H74,H,1,0.8216498116309605,0.2150097489660242,0.362889472988846,15.658847534428809,4.287899732581533,9.863043005816778,L240_D0_U320,r240/t0/t0_320.cif,84,1,upper
108,H109,H,1,0.3218367986559569,0.2144916217074464,0.3630668045435005,6.277074295337848,4.278531127181053,9.86786273435682,L240_D0_U320,r240/t0/t0_320.cif,85,1,upper
147,O148,O,8,0.0876512039411822,0.3148338377391988,0.3635272977375659,2.068736813570666,6.124793472916561,9.880378567730396,L240_D0_U320,r240/t0/t0_320.cif,86,1,upper
38,C39,C,6,0.1534841200153361,0.3492595555896437,0.3636767668303851,3.3684696623073065,6.75820705962086,9.884441017044162,L240_D0_U320,r240/t0/t0_320.cif,87,1,upper
129,O130,O,8,0.5877090302630237,0.3147783462831083,0.3637316389871054,11.453863019359892,6.123960023652129,9.885932397979234,L240_D0_U320,r240/t0/t0_320.cif,88,1,upper
14,C15,C,6,0.6534024323296461,0.349417379105263,0.3639951516507927,12.751323983903614,6.7614021908150495,9.89309445951031,L240_D0_U320,r240/t0/t0_320.cif,89,1,upper
75,H76,H,1,0.9525950939578526,0.1688059280096481,0.3719841719085447,18.02620953696564,3.446297741874349,10.110229582575649,L240_D0_U320,r240/t0/t0_320.cif,90,1,upper
110,H111,H,1,0.4527075907459305,0.1686611642070041,0.3722303278997097,8.643703714133311,3.443860423621273,10.116919903755273,L240_D0_U320,r240/t0/t0_320.cif,91,1,upper
103,H104,H,1,0.2069211700304903,0.2413011346917186,0.3817193849118974,4.161897605670532,4.788804940999024,10.37482481520122,L240_D0_U320,r240/t0/t0_320.cif,92,1,upper
67,H68,H,1,0.7070736196544621,0.2415535364623207,0.3818692532492216,13.549398600791912,4.793585385004217,10.37889811565842,L240_D0_U320,r240/t0/t0_320.cif,93,1,upper
149,O150,O,8,0.2819184448512897,0.3172681058107173,0.3841352050062799,5.71010134423955,6.188466353766556,10.440484855678456,L240_D0_U320,r240/t0/t0_320.cif,94,1,upper
131,O132,O,8,0.7819174608790214,0.3176559480558857,0.3843593187964679,15.094941854003856,6.195806354753819,10.446576087624688,L240_D0_U320,r240/t0/t0_320.cif,95,1,upper
19,C20,C,6,0.9088597021295336,0.2775507803871757,0.3852380126187037,17.402247217115967,5.458859360533147,10.470458276563036,L240_D0_U320,r240/t0/t0_320.cif,96,1,upper
43,C44,C,6,0.4088086508894268,0.2773971680873187,0.3853274779534985,8.016725868964079,5.456115615471675,10.472889872159742,L240_D0_U320,r240/t0/t0_320.cif,97,1,upper
107,H108,H,1,0.1923506612573551,0.4501586331805888,0.3857775218591783,4.27620213571481,8.634553017083276,10.4851217023081,L240_D0_U320,r240/t0/t0_320.cif,98,1,upper
72,H73,H,1,0.6919801265815917,0.4503365609435172,0.3863370872612013,13.6535641859504,8.638339090425694,10.500330238337716,L240_D0_U320,r240/t0/t0_320.cif,99,1,upper
18,C19,C,6,0.8320972933276328,0.256339312209803,0.3902543601639829,15.919708840753785,5.073263880609633,10.60679855439946,L240_D0_U320,r240/t0/t0_320.cif,100,1,upper
42,C43,C,6,0.3321041905845674,0.2560720367012249,0.390299118642179,6.5350831957662425,5.068388262282192,10.60801505371449,L240_D0_U320,r240/t0/t0_320.cif,101,1,upper
106,H107,H,1,0.0968952815372574,0.449394883335719,0.3905245895005492,2.48108908657887,8.624855629185566,10.614143169678693,L240_D0_U320,r240/t0/t0_320.cif,102,1,upper
71,H72,H,1,0.5965418954550402,0.4493116207615293,0.3910074579134371,11.85832029375477,8.623766672725209,10.62726714344194,L240_D0_U320,r240/t0/t0_320.cif,103,1,upper
37,C38,C,6,0.210405862391385,0.297941764024227,0.3917915711454639,4.328422372138772,5.839969002456458,10.648578708269689,L240_D0_U320,r240/t0/t0_320.cif,104,1,upper
13,C14,C,6,0.7104495911321586,0.2981727228563183,0.3920328831383117,13.713801684040526,5.844438829940278,10.655137373484402,L240_D0_U320,r240/t0/t0_320.cif,105,1,upper
41,C42,C,6,0.1488149551398571,0.4163560115670531,0.3947614749023392,3.3920051789999226,8.020975129758225,10.729298295520154,L240_D0_U320,r240/t0/t0_320.cif,106,1,upper
153,O154,O,8,0.0350441947267251,0.2202639751444389,0.3948615649553957,0.8908717567072216,4.413865747833581,10.732018662384531,L240_D0_U320,r240/t0/t0_320.cif,107,1,upper
135,O136,O,8,0.534993668228199,0.2203114589021347,0.3951645807626669,10.274112018958888,4.415017039204799,10.740254387477195,L240_D0_U320,r240/t0/t0_320.cif,108,1,upper
17,C18,C,6,0.6485239305032194,0.4163793958733096,0.395213243487601,12.770619749736698,8.021819478129741,10.741577001067643,L240_D0_U320,r240/t0/t0_320.cif,109,1,upper
20,C21,C,6,0.9603783854591164,0.209747680696063,0.3997012997153047,18.23618610546387,4.224850876250755,10.863558747249977,L240_D0_U320,r240/t0/t0_320.cif,110,1,upper
44,C45,C,6,0.4603513711863726,0.2096983955940572,0.3999087500180745,8.851257398155287,4.224134446053713,10.86919707905645,L240_D0_U320,r240/t0/t0_320.cif,111,1,upper
40,C41,C,6,0.0625281547737411,0.2853164552147606,0.4089836128008696,1.5216945109269049,5.623482516408455,11.11584452562304,L240_D0_U320,r240/t0/t0_320.cif,112,1,upper
16,C17,C,6,0.5625767926321662,0.2853258949446896,0.4092276594536858,10.90675151265082,5.623879907593688,11.122477516688685,L240_D0_U320,r240/t0/t0_320.cif,113,1,upper
74,H75,H,1,0.9137929060657624,0.3216695703675423,0.4112269498922863,17.565436223107017,6.294271110726291,11.176816617282109,L240_D0_U320,r240/t0/t0_320.cif,114,1,upper
109,H110,H,1,0.4136372745223717,0.3215894651512928,0.4112757815308563,8.178107469975576,6.292842308343697,11.178143821808858,L240_D0_U320,r240/t0/t0_320.cif,115,1,upper
78,H79,H,1,0.860512366612244,0.1213212951280883,0.4172047682823586,16.189026797617462,2.614255031543919,11.339288896724772,L240_D0_U320,r240/t0/t0_320.cif,116,1,upper
113,H114,H,1,0.3602184120307118,0.1211056896102227,0.417876778746098,6.798568678087862,2.610904973467245,11.357553598783037,L240_D0_U320,r240/t0/t0_320.cif,117,1,upper
70,H71,H,1,0.0198692676958168,0.3240461909516442,0.4228478698129065,0.7870574237204311,6.3486442281859565,11.492663842058873,L240_D0_U320,r240/t0/t0_320.cif,118,1,upper
119,H120,H,1,0.5200220346259975,0.3241292690023062,0.4231437540743489,10.174182799754114,6.350443754339891,11.500705737491426,L240_D0_U320,r240/t0/t0_320.cif,119,1,upper
76,H77,H,1,0.6102211403981412,0.1664727841155237,0.4349245346355122,11.56769139761797,3.4610825296282,11.820897845462593,L240_D0_U320,r240/t0/t0_320.cif,120,1,upper
111,H112,H,1,0.110278945367675,0.1664832057479184,0.4350205862186356,2.1845161343773745,3.4613623007799244,11.823508449973438,L240_D0_U320,r240/t0/t0_320.cif,121,1,upper
133,O134,O,8,0.8238135922215033,0.2257770972882112,0.4387724002155952,15.685388284751864,4.555539766309017,11.92547972650858,L240_D0_U320,r240/t0/t0_320.cif,122,1,upper
151,O152,O,8,0.3236991913495036,0.2258880231169909,0.4389015966901339,6.299153540102611,4.5576987447167285,11.928991182418503,L240_D0_U320,r240/t0/t0_320.cif,123,1,upper
36,C37,C,6,0.1830573137489168,0.3116791494029501,0.4437194363981089,3.817384282387208,6.140282090110445,12.059936177442786,L240_D0_U320,r240/t0/t0_320.cif,124,1,upper
12,C13,C,6,0.6831261989968224,0.3115744805107764,0.4439893576278419,13.202596795191525,6.1386041238380615,12.067272418626947,L240_D0_U320,r240/t0/t0_320.cif,125,1,upper
148,O149,O,8,0.1577179830555301,0.3881593696484456,0.4449146893387357,3.483929957373197,7.548265929579555,12.092422187739905,L240_D0_U320,r240/t0/t0_320.cif,126,1,upper
130,O131,O,8,0.657394438611255,0.3879551200050865,0.4453267569996329,12.861527428132511,7.5448864511434275,12.1036218542038,L240_D0_U320,r240/t0/t0_320.cif,127,1,upper
22,C23,C,6,0.8673355889906832,0.1578683153742195,0.4480523069332641,16.371377504466533,3.314835062711308,12.177700101744293,L240_D0_U320,r240/t0/t0_320.cif,128,1,upper
46,C47,C,6,0.3672014796056695,0.1580509272142405,0.4484724099998777,6.984775644011009,3.318579442037066,12.189118164050589,L240_D0_U320,r240/t0/t0_320.cif,129,1,upper
21,C22,C,6,0.9449925910031088,0.1760664290116451,0.4503394177259846,17.86179767797346,3.651694376193473,12.239861927277223,L240_D0_U320,r240/t0/t0_320.cif,130,1,upper
45,C46,C,6,0.444897447467035,0.1761788912266932,0.4505843227693775,8.475875149112179,3.653987699273149,12.246518248705978,L240_D0_U320,r240/t0/t0_320.cif,131,1,upper
39,C40,C,6,0.1197743569343705,0.2666286342764644,0.4509321326818286,2.5423773130041245,5.318170249704315,12.25597144142634,L240_D0_U320,r240/t0/t0_320.cif,132,1,upper
15,C16,C,6,0.6199298029142476,0.2663925606423619,0.4511057956280321,11.929012645855098,5.313986784099714,12.260691460149438,L240_D0_U320,r240/t0/t0_320.cif,133,1,upper
132,O133,O,8,0.6465920200201972,0.1912452604981579,0.4521859242011415,12.28875776360311,3.932608689376842,12.290048483048578,L240_D0_U320,r240/t0/t0_320.cif,134,1,upper
150,O151,O,8,0.1465003192690728,0.1914799765089614,0.4522485253299262,2.9032099553759942,3.936983788897423,12.291749931206692,L240_D0_U320,r240/t0/t0_320.cif,135,1,upper
77,H78,H,1,0.981904274612526,0.1263573475692371,0.4568871702063886,18.45890041474169,2.7432764909976024,12.417824555329686,L240_D0_U320,r240/t0/t0_320.cif,136,1,upper
112,H113,H,1,0.4817777713758856,0.1264721819371698,0.4572311584401657,9.072349139370209,2.745704290827205,12.427173877907975,L240_D0_U320,r240/t0/t0_320.cif,137,1,upper
102,H103,H,1,0.2241402645269681,0.299043236272705,0.4725900557556652,4.551883031666499,5.934307507364875,12.844616311542174,L240_D0_U320,r240/t0/t0_320.cif,138,1,upper
66,H67,H,1,0.7242455003612036,0.298978471733386,0.472840045076521,13.93786119743496,5.9333453259314535,12.851410819529104,L240_D0_U320,r240/t0/t0_320.cif,139,1,upper
83,H84,H,1,0.7356466480032202,0.1345953832042779,0.4765182490905214,13.843551839031816,2.912816723900623,12.951381436134367,L240_D0_U320,r240/t0/t0_320.cif,140,1,upper
118,H119,H,1,0.2355401808297803,0.1373615527317626,0.4774634478909585,4.4620517336938255,2.964568218305384,12.977071176707373,L240_D0_U320,r240/t0/t0_320.cif,141,1,upper
137,O138,O,8,0.772605485425065,0.0944979660198756,0.4851674879453528,14.45852303964602,2.1831363752787016,13.186460767838778,L240_D0_U320,r240/t0/t0_320.cif,142,1,upper
105,H106,H,1,0.0932406066880282,0.2801820365533075,0.4857826223063015,2.053975148756364,5.599442267818856,13.203179623325056,L240_D0_U320,r240/t0/t0_320.cif,143,1,upper
69,H70,H,1,0.5934280945583761,0.279745549828379,0.4860012254338264,11.4408177858491,5.591613314699425,13.209121079907488,L240_D0_U320,r240/t0/t0_320.cif,144,1,upper
155,O156,O,8,0.2718261006074173,0.0970070308593105,0.4868782466012445,5.06356911964387,2.230860182238137,13.232957807437808,L240_D0_U320,r240/t0/t0_320.cif,145,1,upper
136,O137,O,8,0.9579888985448188,0.2230043496938777,0.4896554898802431,18.175578955460715,4.551183682191335,13.308441038386258,L240_D0_U320,r240/t0/t0_320.cif,146,1,upper
154,O155,O,8,0.457964580914035,0.2233217234043935,0.4897652489991962,8.79142878698531,4.55712254191472,13.311424202658284,L240_D0_U320,r240/t0/t0_320.cif,147,1,upper
82,H83,H,1,0.9150645099610794,0.2572752331686247,0.4917978646014228,17.43291745449562,5.1835761261456135,13.366669054303983,L240_D0_U320,r240/t0/t0_320.cif,148,1,upper
117,H118,H,1,0.4150703921606295,0.2576391770542139,0.4918678548915951,8.049438861622498,5.190335204922914,13.36857133390519,L240_D0_U320,r240/t0/t0_320.cif,149,1,upper
23,C24,C,6,0.8391368213363017,0.1225152970311676,0.4941719522065614,15.755424453007336,2.7067831066845813,13.431194839403789,L240_D0_U320,r240/t0/t0_320.cif,150,1,upper
47,C48,C,6,0.3392200666268808,0.1235625052322229,0.4949914515506702,6.374335033280611,2.726798293042006,13.453468170199558,L240_D0_U320,r240/t0/t0_320.cif,151,1,upper
80,H81,H,1,0.8773611442717465,0.0760324650109436,0.5062219218096304,16.380705014531724,1.86275798801122,13.75870328828488,L240_D0_U320,r240/t0/t0_320.cif,152,1,upper
115,H116,H,1,0.3768421051881309,0.0764654004686637,0.5068015630305588,6.987273749819251,1.8712534481188317,13.774457468870152,L240_D0_U320,r240/t0/t0_320.cif,153,1,upper
79,H80,H,1,0.8359353625682469,0.1617598211564634,0.5240644255948164,15.755088936993689,3.456109325830729,14.243648141370068,L240_D0_U320,r240/t0/t0_320.cif,154,1,upper
114,H115,H,1,0.3375627308073096,0.1629815419217167,0.5247662903918889,6.4033588257608045,3.479226901340684,14.262724260114378,L240_D0_U320,r240/t0/t0_320.cif,155,1,upper
